Finished after 0.917845010757s
[[6.1636681e+13 6.1636690e+13 6.1637201e+13 ... 6.1637654e+13
  6.1637654e+13 6.1637654e+13]
 [6.1735063e+13 6.1735357e+13 6.1756936e+13 ... 6.1776247e+13
  6.1776247e+13 6.1776247e+13]
 [6.1735063e+13 6.1735357e+13 6.1756936e+13 ... 6.1776247e+13
  6.1776247e+13 6.1776247e+13]
 ...
 [6.1735063e+13 6.1735357e+13 6.1756936e+13 ... 6.1776247e+13
  6.1776247e+13 6.1776247e+13]
 [6.1735063e+13 6.1735357e+13 6.1756936e+13 ... 6.1776247e+13
  6.1776247e+13 6.1776247e+13]
 [6.1735063e+13 6.1735357e+13 6.1756936e+13 ... 6.1776247e+13
  6.1776247e+13 6.1776247e+13]]